91.3125
182.1875
182.625
182.625
182.625
182.625
182.625
182.625
182.625
182.625
182.625
182.625
182.625
193.625
197.625
197.625
205.625
205.625
205.625
211.625
211.625
211.625
216.0625
221.0625
221.0625
225.0625
230.0625
232.0625
232.0625
232.0625
232.0625
239.0625
239.0625
239.0625
239.0625
239.0625
244.5
248.5
248.5
248.5
252.5
252.5
252.5
260.5
261.5
261.5
266.5
266.5
266.5
266.5
272.5
273.9375
273.9375
273.9375
273.9375
273.9375
273.9375
273.9375
273.9375
273.9375
273.9375
273.9375
273.9375
273.9375
273.9375
273.9375
273.9375
273.9375
273.9375
273.9375
273.9375
274.9375
282.9375
282.9375
288.9375
288.9375
288.9375
288.9375
288.9375
288.9375
298.9375
315.375
315.375
315.375
334.8125
334.8125
338.8125
355.8125
360.8125
365.25
365.25
365.25
365.25
365.25
365.25
365.25
365.25
365.25
365.25
365.25
365.25
365.25
365.25
365.25
365.25
365.25
365.25
365.25
365.25
365.25
365.25
365.25
365.25
365.25
365.25
371.25
379.25
382.25
386.25
386.25
391.25
393.25
393.25
394.25
395.6875
395.6875
397.6875
400.6875
406.6875
408.6875
409.6875
412.6875
412.6875
414.6875
419.6875
420.6875
421.6875
422.6875
426.125
427.125
427.125
427.125
427.125
427.125
428.125
428.125
428.125
428.125
429.125
429.125
430.125
430.125
430.125
430.125
431.125
431.125
431.125
432.125
432.125
432.125
432.125
432.125
433.125
433.125
433.125
435.125
435.125
435.125
435.125
435.125
435.125
435.125
436.125
436.125
436.125
436.125
436.125
437.125
438.125
439.125
439.125
439.125
439.125
439.125
440.125
440.125
441.125
441.125
442.125
442.125
443.125
444.125
445.125
446.125
447.125
448.125
454.125
454.125
455.125
456.125
456.5625
456.5625
456.5625
457.5625
459.5625
461.5625
463.5625
464.5625
465.5625
468.5625
469.5625
469.5625
469.5625
470.5625
471.5625
471.5625
471.5625
473.5625
474.5625
478.5625
479.5625
480.5625
481.5625
481.5625
481.5625
482.5625
482.5625
482.5625
483.5625
483.5625
485.5625
486.5625
486.5625
487.0
487.0
487.0
487.0
487.0
489.0
489.0
489.0
490.0
491.0
492.0
494.0
495.0
496.0
497.0
497.0
497.0
497.0
497.0
498.0
498.0
498.0
498.0
499.0
499.0
499.0
500.0
502.0
503.0
503.0
503.0
504.0
504.0
505.0
506.0
507.0
509.0
510.0
510.0
510.0
511.0
511.0
511.0
512.0
512.0
512.0
513.0
513.0
514.0
514.0
514.0
515.0
516.0
517.4375
517.4375
517.4375
517.4375
517.4375
517.4375
517.4375
517.4375
517.4375
519.4375
519.4375
519.4375
520.4375
522.4375
523.4375
523.4375
523.4375
524.4375
525.4375
525.4375
526.4375
526.4375
526.4375
527.4375
527.4375
528.4375
528.4375
528.4375
529.4375
529.4375
529.4375
530.4375
530.4375
531.4375
531.4375
531.4375
532.4375
533.4375
533.4375
533.4375
533.4375
534.4375
534.4375
535.4375
536.4375
536.4375
537.4375
537.4375
538.4375
538.4375
539.4375
539.4375
540.4375
540.4375
540.4375
540.4375
541.4375
541.4375
541.4375
543.4375
544.4375
545.4375
545.4375
545.4375
546.4375
546.4375
547.4375
547.875
547.875
547.875
547.875
547.875
547.875
547.875
547.875
547.875
547.875
547.875
547.875
547.875
547.875
547.875
547.875
547.875
548.875
549.875
549.875
549.875
550.875
550.875
550.875
551.875
551.875
551.875
551.875
552.875
552.875
552.875
553.875
554.875
554.875
554.875
555.875
556.875
556.875
556.875
557.875
558.875
558.875
559.875
560.875
561.875
561.875
561.875
561.875
561.875
561.875
562.875
562.875
562.875
563.875
563.875
563.875
563.875
565.875
565.875
565.875
566.875
566.875
566.875
567.875
567.875
567.875
568.875
568.875
568.875
568.875
569.875
569.875
570.875
571.875
573.875
573.875
574.875
574.875
574.875
575.875
576.875
576.875
577.875
578.3125
578.3125
578.3125
578.3125
578.3125
578.3125
578.3125
578.3125
578.3125
578.3125
578.3125
578.3125
578.3125
578.3125
578.3125
578.3125
578.3125
579.3125
579.3125
580.3125
581.3125
582.3125
582.3125
583.3125
583.3125
583.3125
584.3125
584.3125
585.3125
585.3125
585.3125
585.3125
586.3125
586.3125
586.3125
587.3125
587.3125
588.3125
588.3125
589.3125
590.3125
591.3125
591.3125
591.3125
592.3125
592.3125
592.3125
592.3125
593.3125
593.3125
593.3125
593.3125
594.3125
594.3125
594.3125
595.3125
595.3125
595.3125
596.3125
596.3125
596.3125
596.3125
597.3125
597.3125
597.3125
597.3125
597.3125
597.3125
597.3125
598.3125
598.3125
598.3125
598.3125
599.3125
599.3125
599.3125
599.3125
600.3125
600.3125
601.3125
601.3125
601.3125
601.3125
601.3125
603.3125
603.3125
603.3125
604.3125
604.3125
604.3125
605.3125
605.3125
606.3125
607.3125
607.3125
607.3125
607.3125
608.3125
608.75
608.75
608.75
608.75
608.75
608.75
608.75
608.75
608.75
608.75
608.75
608.75
608.75
608.75
608.75
608.75
608.75
608.75
608.75
608.75
608.75
608.75
608.75
608.75
608.75
608.75
608.75
608.75
608.75
608.75
608.75
608.75
608.75
608.75
608.75
608.75
608.75
608.75
608.75
609.75
609.75
609.75
609.75
610.75
610.75
610.75
610.75
611.75
611.75
611.75
611.75
612.75
612.75
612.75
612.75
612.75
613.75
613.75
614.75
614.75
614.75
614.75
615.75
615.75
615.75
615.75
615.75
616.75
616.75
618.75
618.75
619.75
619.75
619.75
619.75
620.75
620.75
620.75
620.75
621.75
621.75
622.75
622.75
622.75
623.75
623.75
623.75
623.75
623.75
624.75
624.75
624.75
624.75
625.75
625.75
626.75
626.75
626.75
627.75
627.75
628.75
628.75
628.75
629.75
629.75
630.75
630.75
630.75
630.75
630.75
630.75
630.75
632.75
632.75
633.75
633.75
633.75
633.75
633.75
634.75
635.75
635.75
636.75
637.75
637.75
637.75
637.75
638.75
639.1875
639.1875
639.1875
639.1875
639.1875
639.1875
639.1875
639.1875
639.1875
639.1875
639.1875
639.1875
640.1875
640.1875
640.1875
641.1875
641.1875
641.1875
642.1875
642.1875
642.1875
643.1875
643.1875
644.1875
645.1875
646.1875
646.1875
646.1875
646.1875
647.1875
647.1875
647.1875
647.1875
648.1875
648.1875
648.1875
648.1875
649.1875
649.1875
650.1875
650.1875
651.1875
651.1875
651.1875
652.1875
652.1875
653.1875
653.1875
654.1875
654.1875
655.1875
655.1875
655.1875
655.1875
656.1875
657.1875
658.1875
658.1875
658.1875
659.1875
659.1875
660.1875
660.1875
661.1875
661.1875
661.1875
661.1875
663.1875
663.1875
664.1875
664.1875
664.1875
664.1875
664.1875
664.1875
664.1875
665.1875
665.1875
665.1875
666.1875
666.1875
667.1875
668.1875
669.625
669.625
669.625
669.625
669.625
669.625
669.625
669.625
669.625
669.625
669.625
669.625
669.625
669.625
669.625
669.625
669.625
670.625
671.625
672.625
672.625
673.625
674.625
674.625
674.625
674.625
675.625
675.625
675.625
675.625
676.625
677.625
677.625
678.625
678.625
678.625
679.625
679.625
679.625
679.625
680.625
680.625
680.625
680.625
680.625
680.625
680.625
680.625
681.625
681.625
681.625
681.625
681.625
682.625
682.625
683.625
683.625
683.625
684.625
684.625
685.625
685.625
685.625
686.625
686.625
687.625
687.625
687.625
688.625
688.625
688.625
688.625
689.625
689.625
689.625
689.625
690.625
690.625
691.625
691.625
691.625
692.625
692.625
692.625
692.625
692.625
693.625
693.625
693.625
693.625
693.625
694.625
694.625
695.625
695.625
695.625
696.625
696.625
696.625
696.625
696.625
697.625
697.625
697.625
700.0625
700.0625
700.0625
700.0625
700.0625
700.0625
700.0625
700.0625
700.0625
700.0625
701.0625
702.0625
702.0625
703.0625
703.0625
703.0625
703.0625
704.0625
705.0625
705.0625
706.0625
706.0625
706.0625
706.0625
707.0625
707.0625
707.0625
708.0625
709.0625
709.0625
709.0625
710.0625
710.0625
711.0625
711.0625
711.0625
712.0625
712.0625
712.0625
712.0625
713.0625
714.0625
714.0625
715.0625
715.0625
715.0625
715.0625
715.0625
716.0625
716.0625
716.0625
716.0625
716.0625
717.0625
717.0625
717.0625
717.0625
718.0625
718.0625
718.0625
719.0625
719.0625
720.0625
720.0625
720.0625
720.0625
720.0625
721.0625
721.0625
721.0625
721.0625
722.0625
722.0625
723.0625
723.0625
723.0625
724.0625
724.0625
724.0625
725.0625
725.0625
725.0625
725.0625
726.0625
726.0625
726.0625
726.0625
727.0625
727.0625
728.0625
728.0625
728.0625
729.0625
729.0625
730.0625
730.0625
730.0625
730.0625
730.5
730.5
730.5
730.5
730.5
730.5
730.5
730.5
730.5
730.5
730.5
730.5
730.5
730.5
731.5
732.5
732.5
733.5
733.5
734.5
734.5
734.5
734.5
735.5
735.5
736.5
737.5
737.5
737.5
738.5
739.5
739.5
739.5
740.5
740.5
740.5
740.5
741.5
741.5
742.5
742.5
742.5
742.5
743.5
743.5
743.5
744.5
745.5
745.5
746.5
747.5
747.5
747.5
747.5
747.5
748.5
748.5
749.5
749.5
750.5
751.5
751.5
752.5
753.5
753.5
753.5
753.5
753.5
754.5
754.5
754.5
754.5
754.5
754.5
755.5
756.5
756.5
757.5
757.5
757.5
757.5
758.5
758.5
758.5
759.5
760.5
760.5
760.9375
760.9375
760.9375
760.9375
760.9375
760.9375
760.9375
760.9375
761.9375
761.9375
761.9375
761.9375
762.9375
762.9375
762.9375
763.9375
763.9375
764.9375
764.9375
765.9375
765.9375
766.9375
766.9375
767.9375
767.9375
768.9375
768.9375
768.9375
769.9375
769.9375
770.9375
770.9375
770.9375
770.9375
771.9375
772.9375
773.9375
773.9375
774.9375
775.9375
775.9375
775.9375
775.9375
776.9375
776.9375
777.9375
777.9375
777.9375
777.9375
778.9375
778.9375
779.9375
779.9375
779.9375
780.9375
780.9375
780.9375
781.9375
781.9375
782.9375
782.9375
782.9375
782.9375
782.9375
782.9375
782.9375
782.9375
783.9375
783.9375
783.9375
783.9375
783.9375
783.9375
783.9375
783.9375
783.9375
783.9375
784.9375
784.9375
784.9375
785.9375
785.9375
785.9375
786.9375
786.9375
786.9375
787.9375
787.9375
787.9375
788.9375
788.9375
789.9375
789.9375
789.9375
789.9375
790.9375
790.9375
790.9375
790.9375
791.375
791.375
791.375
791.375
791.375
791.375
791.375
792.375
792.375
792.375
792.375
793.375
793.375
794.375
794.375
795.375
795.375
796.375
796.375
797.375
797.375
797.375
797.375
797.375
797.375
798.375
799.375
799.375
800.375
800.375
801.375
802.375
802.375
802.375
803.375
803.375
803.375
803.375
804.375
804.375
804.375
805.375
806.375
806.375
806.375
806.375
806.375
806.375
807.375
807.375
808.375
808.375
808.375
808.375
809.375
809.375
809.375
809.375
810.375
811.375
811.375
811.375
811.375
811.375
811.375
811.375
811.375
812.375
812.375
812.375
813.375
813.375
813.375
813.375
814.375
815.375
815.375
815.375
815.375
816.375
816.375
816.375
816.375
816.375
817.375
817.375
818.375
818.375
818.375
818.375
819.375
819.375
819.375
821.8125
821.8125
821.8125
821.8125
821.8125
821.8125
821.8125
821.8125
821.8125
823.8125
824.8125
825.8125
825.8125
826.8125
826.8125
826.8125
826.8125
826.8125
826.8125
827.8125
827.8125
827.8125
828.8125
828.8125
829.8125
829.8125
830.8125
831.8125
832.8125
832.8125
832.8125
833.8125
833.8125
833.8125
834.8125
834.8125
835.8125
835.8125
836.8125
837.8125
838.8125
838.8125
838.8125
838.8125
839.8125
839.8125
839.8125
840.8125
840.8125
840.8125
840.8125
840.8125
842.8125
842.8125
842.8125
843.8125
843.8125
843.8125
844.8125
844.8125
844.8125
845.8125
845.8125
845.8125
845.8125
846.8125
846.8125
846.8125
847.8125
847.8125
847.8125
848.8125
848.8125
849.8125
849.8125
849.8125
850.8125
850.8125
851.8125
852.25
852.25
852.25
852.25
852.25
852.25
852.25
852.25
852.25
852.25
852.25
852.25
852.25
852.25
852.25
852.25
852.25
852.25
852.25
852.25
852.25
852.25
852.25
852.25
852.25
852.25
852.25
852.25
852.25
852.25
852.25
852.25
852.25
852.25
852.25
852.25
852.25
852.25
852.25
852.25
852.25
852.25
852.25
852.25
852.25
852.25
852.25
852.25
852.25
852.25
852.25
852.25
852.25
852.25
852.25
852.25
852.25
852.25
852.25
852.25
852.25
852.25
852.25
852.25
852.25
852.25
852.25
852.25
852.25
852.25
852.25
852.25
852.25
852.25
852.25
852.25
852.25
852.25
852.25
852.25
852.25
852.25
852.25
852.25
852.25
852.25
852.25
852.25
852.25
852.25
852.25
852.25
852.25
852.25
852.25
852.25
852.25
852.25
852.25
852.25
852.25
852.25
852.25
852.25
852.25
852.25
852.25
852.25
852.25
852.25
852.25
852.25
852.25
852.25
852.25
852.25
852.25
852.25
852.25
852.25
852.25
852.25
852.25
852.25
852.25
852.25
852.25
852.25
852.25
852.25
852.25
852.25
852.25
852.25
852.25
852.25
852.25
852.25
852.25
852.25
852.25
852.25
852.25
852.25
852.25
852.25
852.25
852.25
852.25
852.25
852.25
852.25
852.25
852.25
852.25
852.25
853.25
853.25
854.25
854.25
854.25
854.25
855.25
855.25
855.25
856.25
856.25
857.25
857.25
857.25
858.25
858.25
858.25
859.25
859.25
860.25
861.25
861.25
862.25
862.25
863.25
863.25
863.25
863.25
864.25
864.25
864.25
865.25
866.25
866.25
867.25
867.25
867.25
867.25
868.25
868.25
868.25
868.25
868.25
868.25
869.25
869.25
869.25
870.25
870.25
871.25
871.25
871.25
872.25
872.25
873.25
873.25
874.25
875.25
876.25
876.25
876.25
876.25
877.25
877.25
878.25
878.25
878.25
878.25
878.25
879.25
879.25
880.25
880.25
880.25
880.25
881.25
881.25
881.25
881.25
882.25
882.25
882.25
882.25
882.6875
882.6875
882.6875
882.6875
882.6875
883.6875
883.6875
883.6875
883.6875
884.6875
884.6875
885.6875
885.6875
885.6875
885.6875
885.6875
886.6875
886.6875
887.6875
887.6875
887.6875
888.6875
888.6875
888.6875
889.6875
889.6875
889.6875
889.6875
889.6875
890.6875
890.6875
890.6875
891.6875
891.6875
891.6875
891.6875
891.6875
892.6875
892.6875
892.6875
894.6875
894.6875
894.6875
895.6875
896.6875
896.6875
896.6875
896.6875
896.6875
897.6875
897.6875
897.6875
897.6875
897.6875
898.6875
898.6875
898.6875
899.6875
899.6875
900.6875
900.6875
900.6875
900.6875
900.6875
900.6875
900.6875
901.6875
901.6875
902.6875
902.6875
903.6875
903.6875
903.6875
903.6875
903.6875
904.6875
904.6875
904.6875
905.6875
905.6875
905.6875
906.6875
906.6875
906.6875
907.6875
907.6875
907.6875
908.6875
908.6875
908.6875
908.6875
908.6875
908.6875
908.6875
908.6875
909.6875
909.6875
909.6875
909.6875
910.6875
910.6875
910.6875
911.6875
911.6875
911.6875
912.6875
912.6875
912.6875
913.125
913.125
913.125
913.125
913.125
913.125
913.125
913.125
913.125
913.125
913.125
913.125
913.125
913.125
913.125
913.125
913.125
913.125
913.125
913.125
913.125
913.125
913.125
913.125
913.125
913.125
913.125
913.125
913.125
913.125
913.125
913.125
913.125
913.125
913.125
913.125
913.125
913.125
913.125
913.125
913.125
913.125
913.125
913.125
913.125
913.125
913.125
913.125
913.125
913.125
913.125
913.125
913.125
913.125
913.125
913.125
913.125
913.125
913.125
913.125
913.125
913.125
913.125
913.125
913.125
913.125
913.125
913.125
913.125
913.125
913.125
913.125
913.125
913.125
913.125
913.125
913.125
913.125
913.125
913.125
913.125
913.125
913.125
913.125
913.125
913.125
913.125
913.125
913.125
913.125
913.125
913.125
913.125
913.125
913.125
913.125
913.125
913.125
913.125
913.125
913.125
913.125
913.125
913.125
913.125
913.125
913.125
913.125
913.125
913.125
913.125
913.125
913.125
913.125
913.125
913.125
913.125
913.125
913.125
913.125
913.125
913.125
913.125
913.125
913.125
913.125
913.125
913.125
913.125
913.125
913.125
913.125
913.125
913.125
913.125
913.125
913.125
913.125
913.125
913.125
913.125
913.125
913.125
913.125
913.125
914.125
915.125
916.125
916.125
916.125
916.125
916.125
917.125
917.125
917.125
917.125
917.125
917.125
917.125
917.125
917.125
917.125
918.125
918.125
918.125
919.125
919.125
919.125
919.125
919.125
920.125
920.125
920.125
920.125
921.125
921.125
923.125
923.125
923.125
923.125
923.125
924.125
924.125
924.125
924.125
924.125
925.125
925.125
925.125
925.125
926.125
926.125
927.125
927.125
927.125
928.125
928.125
928.125
929.125
929.125
929.125
929.125
929.125
929.125
929.125
929.125
930.125
930.125
930.125
930.125
930.125
930.125
930.125
930.125
931.125
931.125
931.125
931.125
933.125
933.125
933.125
933.125
934.125
935.125
935.125
935.125
936.125
936.125
936.125
936.125
937.125
937.125
937.125
937.125
938.125
938.125
939.125
939.125
939.125
940.125
940.125
940.125
941.125
942.125
942.125
943.125
943.5625
943.5625
943.5625
943.5625
943.5625
943.5625
944.5625
944.5625
944.5625
944.5625
944.5625
944.5625
944.5625
945.5625
945.5625
945.5625
946.5625
946.5625
947.5625
947.5625
947.5625
947.5625
948.5625
948.5625
948.5625
948.5625
948.5625
949.5625
950.5625
950.5625
950.5625
950.5625
950.5625
950.5625
951.5625
951.5625
951.5625
951.5625
952.5625
952.5625
953.5625
953.5625
953.5625
954.5625
954.5625
955.5625
955.5625
955.5625
956.5625
956.5625
956.5625
957.5625
957.5625
957.5625
958.5625
958.5625
959.5625
959.5625
959.5625
960.5625
960.5625
961.5625
961.5625
961.5625
961.5625
961.5625
961.5625
961.5625
961.5625
962.5625
963.5625
963.5625
964.5625
964.5625
965.5625
965.5625
965.5625
966.5625
967.5625
967.5625
967.5625
968.5625
968.5625
969.5625
969.5625
969.5625
970.5625
970.5625
971.5625
971.5625
971.5625
971.5625
972.5625
972.5625
972.5625
974.0
974.0
974.0
974.0
974.0
974.0
974.0
974.0
974.0
975.0
975.0
975.0
975.0
975.0
975.0
975.0
976.0
976.0
977.0
977.0
978.0
978.0
979.0
979.0
979.0
979.0
979.0
979.0
980.0
980.0
980.0
981.0
981.0
981.0
981.0
981.0
982.0
982.0
982.0
983.0
984.0
984.0
984.0
985.0
985.0
985.0
985.0
986.0
986.0
987.0
987.0
987.0
987.0
988.0
988.0
988.0
988.0
989.0
989.0
990.0
990.0
990.0
991.0
991.0
991.0
991.0
991.0
992.0
992.0
992.0
992.0
993.0
993.0
993.0
993.0
993.0
993.0
993.0
993.0
993.0
993.0
994.0
994.0
995.0
996.0
996.0
996.0
997.0
998.0
999.0
999.0
999.0
1000.0
1001.0
1001.0
1001.0
1001.0
1002.0
1002.0
1003.0
1003.0
1004.4375
1004.4375
1004.4375
1004.4375
1004.4375
1005.4375
1005.4375
1005.4375
1005.4375
1006.4375
1006.4375
1008.4375
1008.4375
1008.4375
1009.4375
1009.4375
1009.4375
1009.4375
1010.4375
1010.4375
1011.4375
1011.4375
1012.4375
1012.4375
1013.4375
1013.4375
1013.4375
1013.4375
1014.4375
1015.4375
1015.4375
1015.4375
1017.4375
1017.4375
1017.4375
1018.4375
1018.4375
1018.4375
1019.4375
1019.4375
1019.4375
1019.4375
1019.4375
1020.4375
1020.4375
1020.4375
1020.4375
1020.4375
1021.4375
1021.4375
1022.4375
1022.4375
1022.4375
1023.4375
1023.4375
1024.4375
1024.4375
1024.4375
1024.4375
1025.4375
1025.4375
1025.4375
1026.4375
1026.4375
1026.4375
1027.4375
1027.4375
1027.4375
1027.4375
1027.4375
1027.4375
1027.4375
1027.4375
1028.4375
1029.4375
1030.4375
1030.4375
1030.4375
1030.4375
1031.4375
1031.4375
1032.4375
1032.4375
1033.4375
1034.4375
1034.875
1034.875
1034.875
1035.875
1035.875
1035.875
1035.875
1035.875
1035.875
1036.875
1036.875
1036.875
1037.875
1037.875
1038.875
1039.875
1039.875
1039.875
1040.875
1040.875
1040.875
1041.875
1041.875
1041.875
1042.875
1042.875
1042.875
1042.875
1045.875
1045.875
1045.875
1046.875
1046.875
1047.875
1048.875
1049.875
1049.875
1049.875
1050.875
1050.875
1050.875
1051.875
1051.875
1051.875
1051.875
1052.875
1052.875
1052.875
1053.875
1053.875
1054.875
1054.875
1054.875
1055.875
1056.875
1056.875
1056.875
1056.875
1057.875
1058.875
1058.875
1059.875
1059.875
1059.875
1060.875
1060.875
1061.875
1061.875
1061.875
1062.875
1062.875
1062.875
1062.875
1064.875
1064.875
1064.875
1065.3125
1065.3125
1065.3125
1065.3125
1066.3125
1066.3125
1066.3125
1067.3125
1067.3125
1067.3125
1068.3125
1069.3125
1070.3125
1071.3125
1071.3125
1071.3125
1071.3125
1072.3125
1072.3125
1073.3125
1073.3125
1073.3125
1074.3125
1074.3125
1075.3125
1075.3125
1075.3125
1076.3125
1076.3125
1076.3125
1076.3125
1077.3125
1077.3125
1078.3125
1078.3125
1078.3125
1078.3125
1079.3125
1079.3125
1079.3125
1079.3125
1079.3125
1080.3125
1080.3125
1081.3125
1081.3125
1082.3125
1082.3125
1082.3125
1082.3125
1083.3125
1083.3125
1083.3125
1083.3125
1084.3125
1085.3125
1086.3125
1086.3125
1087.3125
1088.3125
1088.3125
1088.3125
1089.3125
1089.3125
1090.3125
1090.3125
1090.3125
1091.3125
1091.3125
1092.3125
1093.3125
1094.3125
1094.3125
1095.3125
1095.3125
1095.75
1095.75
1095.75
1095.75
1095.75
1095.75
1095.75
1095.75
1095.75
1095.75
1095.75
1095.75
1095.75
1095.75
1095.75
1095.75
1095.75
1095.75
1095.75
1095.75
1095.75
1095.75
1095.75
1095.75
1095.75
1095.75
1095.75
1095.75
1095.75
1095.75
1095.75
1095.75
1095.75
1095.75
1095.75
1096.75
1096.75
1096.75
1096.75
1096.75
1096.75
1097.75
1097.75
1098.75
1098.75
1098.75
1098.75
1099.75
1100.75
1100.75
1101.75
1101.75
1101.75
1102.75
1102.75
1102.75
1102.75
1103.75
1103.75
1103.75
1103.75
1104.75
1104.75
1104.75
1105.75
1105.75
1105.75
1105.75
1106.75
1106.75
1106.75
1107.75
1109.75
1110.75
1110.75
1111.75
1111.75
1111.75
1112.75
1112.75
1113.75
1113.75
1113.75
1113.75
1113.75
1114.75
1114.75
1114.75
1114.75
1115.75
1115.75
1115.75
1116.75
1116.75
1117.75
1118.75
1119.75
1120.75
1120.75
1120.75
1121.75
1122.75
1123.75
1124.75
1126.1875
1126.1875
1127.1875
1127.1875
1127.1875
1129.1875
1129.1875
1130.1875
1130.1875
1131.1875
1131.1875
1131.1875
1131.1875
1131.1875
1131.1875
1132.1875
1132.1875
1132.1875
1132.1875
1133.1875
1133.1875
1134.1875
1134.1875
1135.1875
1135.1875
1136.1875
1136.1875
1137.1875
1137.1875
1138.1875
1139.1875
1139.1875
1140.1875
1140.1875
1141.1875
1141.1875
1143.1875
1143.1875
1144.1875
1144.1875
1145.1875
1145.1875
1145.1875
1146.1875
1146.1875
1146.1875
1147.1875
1147.1875
1148.1875
1148.1875
1149.1875
1150.1875
1150.1875
1150.1875
1151.1875
1151.1875
1151.1875
1151.1875
1152.1875
1152.1875
1152.1875
1153.1875
1154.1875
1154.1875
1154.1875
1155.1875
1155.1875
1156.1875
1156.625
1157.625
1158.625
1158.625
1158.625
1159.625
1160.625
1161.625
1162.625
1163.625
1165.625
1165.625
1165.625
1166.625
1166.625
1168.625
1168.625
1169.625
1169.625
1169.625
1170.625
1170.625
1171.625
1172.625
1172.625
1172.625
1173.625
1174.625
1174.625
1174.625
1174.625
1175.625
1175.625
1176.625
1176.625
1177.625
1177.625
1177.625
1177.625
1177.625
1177.625
1177.625
1178.625
1179.625
1179.625
1179.625
1179.625
1180.625
1180.625
1180.625
1182.625
1182.625
1185.625
1185.625
1185.625
1186.625
1186.625
1187.0625
1187.0625
1187.0625
1187.0625
1187.0625
1187.0625
1187.0625
1187.0625
1187.0625
1187.0625
1187.0625
1187.0625
1187.0625
1187.0625
1187.0625
1187.0625
1187.0625
1187.0625
1187.0625
1187.0625
1187.0625
1187.0625
1187.0625
1187.0625
1187.0625
1187.0625
1187.0625
1187.0625
1187.0625
1187.0625
1187.0625
1187.0625
1187.0625
1187.0625
1187.0625
1187.0625
1187.0625
1187.0625
1187.0625
1187.0625
1187.0625
1187.0625
1187.0625
1187.0625
1187.0625
1187.0625
1187.0625
1187.0625
1187.0625
1187.0625
1187.0625
1187.0625
1187.0625
1187.0625
1187.0625
1187.0625
1187.0625
1187.0625
1187.0625
1187.0625
1188.0625
1188.0625
1188.0625
1188.0625
1189.0625
1190.0625
1191.0625
1191.0625
1191.0625
1191.0625
1192.0625
1192.0625
1193.0625
1193.0625
1194.0625
1194.0625
1195.0625
1195.0625
1195.0625
1196.0625
1196.0625
1197.0625
1198.0625
1198.0625
1198.0625
1199.0625
1200.0625
1200.0625
1200.0625
1201.0625
1201.0625
1202.0625
1202.0625
1202.0625
1202.0625
1202.0625
1202.0625
1203.0625
1203.0625
1203.0625
1203.0625
1204.0625
1205.0625
1205.0625
1205.0625
1206.0625
1207.0625
1207.0625
1208.0625
1208.0625
1208.0625
1208.0625
1209.0625
1210.0625
1210.0625
1210.0625
1210.0625
1211.0625
1211.0625
1212.0625
1212.0625
1212.0625
1212.0625
1213.0625
1213.0625
1213.0625
1214.0625
1214.0625
1214.0625
1215.0625
1215.0625
1215.0625
1215.0625
1215.0625
1216.0625
1216.0625
1216.0625
1216.0625
1217.5
1217.5
1217.5
1217.5
1217.5
1218.5
1218.5
1218.5
1218.5
1218.5
1218.5
1220.5
1220.5
1221.5
1222.5
1223.5
1223.5
1223.5
1223.5
1224.5
1224.5
1225.5
1225.5
1225.5
1225.5
1226.5
1226.5
1226.5
1226.5
1226.5
1226.5
1226.5
1226.5
1227.5
1227.5
1227.5
1227.5
1227.5
1227.5
1227.5
1227.5
1228.5
1229.5
1229.5
1229.5
1229.5
1230.5
1230.5
1230.5
1231.5
1232.5
1232.5
1233.5
1233.5
1234.5
1234.5
1234.5
1235.5
1235.5
1235.5
1235.5
1235.5
1236.5
1236.5
1236.5
1237.5
1237.5
1237.5
1238.5
1238.5
1238.5
1239.5
1239.5
1239.5
1239.5
1240.5
1240.5
1241.5
1241.5
1241.5
1242.5
1243.5
1243.5
1243.5
1243.5
1243.5
1243.5
1244.5
1244.5
1244.5
1245.5
1245.5
1245.5
1245.5
1246.5
1246.5
1247.5
1247.9375
1248.9375
1248.9375
1248.9375
1248.9375
1248.9375
1250.9375
1250.9375
1251.9375
1251.9375
1253.9375
1253.9375
1254.9375
1254.9375
1257.9375
1257.9375
1258.9375
1258.9375
1259.9375
1260.9375
1260.9375
1261.9375
1262.9375
1262.9375
1262.9375
1263.9375
1263.9375
1264.9375
1267.9375
1267.9375
1267.9375
1269.9375
1270.9375
1271.9375
1273.9375
1273.9375
1275.9375
1275.9375
1275.9375
1275.9375
1275.9375
1275.9375
1275.9375
1275.9375
1276.9375
1276.9375
1276.9375
1278.375
1279.375
1279.375
1280.375
1281.375
1282.375
1283.375
1283.375
1284.375
1285.375
1285.375
1287.375
1288.375
1291.375
1294.375
1294.375
1294.375
1294.375
1295.375
1296.375
1296.375
1297.375
1297.375
1297.375
1299.375
1299.375
1299.375
1300.375
1300.375
1301.375
1301.375
1301.375
1302.375
1303.375
1303.375
1304.375
1305.375
1305.375
1306.375
1306.375
1307.375
1308.375
1308.8125
1308.8125
1309.8125
1310.8125
1310.8125
1310.8125
1310.8125
1310.8125
1310.8125
1310.8125
1312.8125
1312.8125
1312.8125
1313.8125
1315.8125
1317.8125
1320.8125
1321.8125
1322.8125
1323.8125
1324.8125
1328.8125
1329.8125
1329.8125
1330.8125
1330.8125
1331.8125
1333.8125
1333.8125
1334.8125
1335.8125
1336.8125
1338.8125
1339.25
1340.25
1340.25
1342.25
1342.25
1343.25
1344.25
1344.25
1345.25
1346.25
1347.25
1349.25
1350.25
1351.25
1353.25
1355.25
1356.25
1357.25
1358.25
1359.25
1360.25
1361.25
1362.25
1362.25
1362.25
1362.25
1365.25
1366.25
1367.25
1369.6875
1370.6875
1371.6875
1372.6875
1373.6875
1373.6875
1374.6875
1375.6875
1376.6875
1381.6875
1381.6875
1383.6875
1385.6875
1387.6875
1387.6875
1388.6875
1392.6875
1393.6875
1394.6875
1394.6875
1395.6875
1395.6875
1396.6875
1396.6875
1396.6875
1401.125
1401.125
1403.125
1407.125
1407.125
1409.125
1409.125
1409.125
1410.125
1414.125
1415.125
1415.125
1416.125
1418.125
1418.125
1419.125
1419.125
1421.125
1421.125
1422.125
1423.125
1424.125
1425.125
1425.125
1427.125
1430.125
1430.5625
1431.5625
1432.5625
1436.5625
1436.5625
1439.5625
1439.5625
1441.5625
1442.5625
1444.5625
1444.5625
1446.5625
1446.5625
1447.5625
1452.5625
1452.5625
1454.5625
1455.5625
1457.5625
1457.5625
1458.5625
1458.5625
1459.5625
1460.5625
1461.0
1461.0
1463.0
1464.0
1464.0
1466.0
1469.0
1472.0
1475.0
1475.0
1476.0
1477.0
1478.0
1479.0
1480.0
1481.0
1486.0
1489.0
1491.4375
1492.4375
1492.4375
1493.4375
1495.4375
1496.4375
1499.4375
1500.4375
1502.4375
1506.4375
1506.4375
1508.4375
1508.4375
1509.4375
1509.4375
1510.4375
1510.4375
1510.4375
1511.4375
1514.4375
1515.4375
1516.4375
1519.4375
1520.4375
1521.875
1522.875
1522.875
1522.875
1522.875
1523.875
1523.875
1524.875
1524.875
1525.875
1530.875
1530.875
1532.875
1532.875
1534.875
1534.875
1535.875
1537.875
1538.875
1538.875
1538.875
1538.875
1540.875
1541.875
1544.875
1544.875
1544.875
1545.875
1549.875
1550.875
1550.875
1551.875
1552.3125
1552.3125
1552.3125
1553.3125
1553.3125
1553.3125
1553.3125
1557.3125
1557.3125
1559.3125
1559.3125
1559.3125
1559.3125
1561.3125
1563.3125
1563.3125
1563.3125
1563.3125
1564.3125
1565.3125
1566.3125
1567.3125
1567.3125
1568.3125
1568.3125
1568.3125
1568.3125
1569.3125
1571.3125
1573.3125
1573.3125
1578.3125
1580.3125
1582.75
1583.75
1583.75
1583.75
1583.75
1583.75
1585.75
1586.75
1586.75
1586.75
1586.75
1586.75
1590.75
1590.75
1593.75
1595.75
1596.75
1598.75
1600.75
1600.75
1603.75
1607.75
1608.75
1608.75
1610.75
1613.1875
1616.1875
1617.1875
1617.1875
1621.1875
1621.1875
1621.1875
1621.1875
1621.1875
1622.1875
1624.1875
1627.1875
1627.1875
1633.1875
1635.1875
1641.1875
1642.1875
1643.625
1643.625
1644.625
1644.625
1644.625
1644.625
1644.625
1648.625
1648.625
1653.625
1653.625
1654.625
1655.625
1657.625
1660.625
1662.625
1667.625
1667.625
1670.625
1674.0625
1675.0625
1677.0625
1678.0625
1679.0625
1685.0625
1685.0625
1685.0625
1685.0625
1685.0625
1685.0625
1691.0625
1692.0625
1692.0625
1692.0625
1692.0625
1692.0625
1694.0625
1698.0625
1702.0625
1703.0625
1703.0625
1704.5
1704.5
1704.5
1704.5
1704.5
1706.5
1708.5
1711.5
1711.5
1713.5
1717.5
1718.5
1724.5
1724.5
1725.5
1731.5
1734.9375
1734.9375
1736.9375
1737.9375
1738.9375
1743.9375
1746.9375
1746.9375
1753.9375
1753.9375
1754.9375
1754.9375
1754.9375
1754.9375
1756.9375
1758.9375
1760.9375
1765.375
1766.375
1767.375
1771.375
1774.375
1780.375
1780.375
1786.375
1787.375
1788.375
1792.375
1792.375
1792.375
1794.375
1795.8125
1797.8125
1799.8125
1800.8125
1805.8125
1808.8125
1808.8125
1814.8125
1816.8125
1820.8125
1820.8125
1820.8125
1820.8125
1821.8125
1822.8125
1826.25
1826.25
1826.25
1828.25
1830.25
1831.25
1836.25
1837.25
1842.25
1851.25
1856.25
1862.6875
1876.6875
1876.6875
1876.6875
1876.6875
1887.125
1894.125
1897.125
1899.125
1917.5625
1917.5625
1926.5625
1926.5625
1926.5625
1926.5625
1948.0
1963.0
1990.4375
2100.1875
2130.625
2143.625
